Camera Matrix
[2161.388279105051, 0, 359.3168196292438;
  0, 2393.755529886422, 979.7599937249028;
  0, 0, 1]

Projector translation
[0.05102982035919846;
  0.0798124995110945;
  0.0103065864171901]

Projector rotation
[0.02776048279340448;
  -2.947708765505035;
  -0.1988022726330621]

OpenGL Projection Matrix
[4.221461482627053, 0, 0.2982093366616333, 0;
  0, 6.233738359079225, 1.554062483658601, 0;
  0, 0, -1.02020202020202, -0.202020202020202;
  0, 0, -1, 0]

OpenGL View Matrix
[0.9823807373221711, 0.006071558842398562, 0.1867919246422892, -0.05102982035919846;
  -0.03109809982549535, 0.9908488333525473, 0.131344956626204, 0.0798124995110945;
  0.1842850919786809, 0.1348396292531212, -0.9735796214266658, 0.0103065864171901;
  0, 0, 0, 1]

