Camera Matrix
[2214.558464911602, 0, 667.6540858953576;
  0, 2489.181365478539, 977.0516155354248;
  0, 0, 1]

Projector translation
[0.05212857151724309;
  0.08632350526901043;
  -0.01578318287752023]

Projector rotation
[0.02018063279877743;
  -3.029835279193652;
  -0.2080340552595725]

OpenGL Projection Matrix
[4.325309501780472, 0, -0.3040118865143704, 0;
  0, 6.482243139267029, 1.547009415456836, 0;
  0, 0, -1.02020202020202, -0.202020202020202;
  0, 0, -1, 0]

OpenGL View Matrix
[0.994450856872909, 0.006072985497224167, 0.10502672094228, -0.05212857151724309;
  -0.02037097197080949, 0.9905533193958213, 0.1356065814585855, 0.08632350526901043;
  0.103211030252108, 0.1369935775175975, -0.9851803098688222, -0.01578318287752023;
  0, 0, 0, 1]

